646
325
425
168
544
471
691
926
695
576
551
65
172
372
301
905
503
678
509
113
805
345
830
935
598
131
817
712
517
631
73
135
721
649
100
343
861
367
326
998
652
922
187
649
538
880
863
150
917
548
805
479
709
33
385
966
207
256
664
149
1014
40
239
907
297
24
804
842
234
531
352
657
401
37
436
1001
443
466
671
102
667
967
596
223
197
983
826
853
565
708
542
332
512
995
503
11
513
369
188
155
638
707
168
341
140
437
85
755
627
601
236
219
161
152
584
649
149
434
677
902
486
195
260
885
548
941
932
792
735
637
744
444
831
99
708
893
564
426
938
81
732
477
74
114
796
353
797
711
568
403
275
874
458
813
656
699
375
1
779
338
539
327
472
1020
862
598
413
162
123
601
200
551
957
369
1002
809
13
635
72
355
311
393
404
613
430
82
198
268
793
487
998
120
442
443
55
953
750
125
824
660
966
621
262
532
934
882
432
955
302
752
1017
326
657
978
942
864
185
871
779
306
998
615
183
781
554
391
942
180
700
141
203
766
795
228
367
825
780
716
204
766
25
852
103
572
877
357
48
757
172
933
952
498
559
748
512
568
458
908
337
546
179
283
554
928
229
396
428
910
519
400
447
116
87
157
821
784
139
332
635
540
427
264
377
442
581
388
367
676
769
498
32
716
386
101
1012
99
947
100
17
128
225
511
839
866
888
2
372
855
916
809
539
669
512
814
1005
1
856
128
100
918
998
8
474
297
3
751
551
225
439
537
423
438
663
634
266
863
448
511
633
641
379
108
792
177
686
1008
658
328
349
425
551
710
492
370
107
341
408
355
721
571
244
60
904
37
7
232
861
252
536
991
405
13
630
908
770
541
30
940
883
478
268
447
948
106
880
485
149
384
796
545
972
53
314
314
48
522
371
144
316
107
127
165
992
203
884
904
631
702
75
689
693
636
207
747
316
503
413
155
565
993
180
854
514
868
561
13
70
989
788
729
374
806
632
39
892
336
916
792
423
639
107
630
272
827
369
537
647
946
47
77
441
394
227
281
721
698
580
541
843
766
718
911
648
265
524
433
939
112
96
380
283
140
230
565
715
900
579
584
911
960
153
156
438
283
460
117
170
175
30
704
360
229
156
66
1000
817
575
22
465
420
430
0
723
349
270
301
924
100
69
205
503
253
576
568
219
357
115
228
183
727
660
897
69
1018
482
675
426
9
372
504
287
923
722
24
447
188
266
752
551
580
94
146
986
39
431
72
113
620
718
696
719
971
957
293
352
790
857
358
472
1010
506
663
683
651
944
83
923
964
742
503
643
143
992
817
252
893
149
608
828
872
193
44
160
119
790
784
199
828
288
69
350
387
510
474
787
544
418
228
102
924
1005
172
455
923
171
986
885
186
715
482
1020
624
394
935
1015
919
254
866
18
926
688
809
911
792
104
329
926
286
456
833
753
198
156
640
939
1017
609
239
692
781
385
281
444
554
395
970
929
491
85
417
622
551
780
597
204
747
199
443
876
47
722
678
729
635
808
725
613
349
12
485
816
176
716
942
107
598
804
529
43
886
355
933
483
283
697
94
938
367
208
719
870
981
77
812
520
919
168
798
521
140
819
8
873
106
546
383
512
14
936
950
443
806
854
324
259
55
69
610
538
542
758
230
506
853
638
510
589
287
786
996
160
23
794
960
731
209
80
67
649
795
431
95
293
351
291
268
715
766
919
92
24
367
966
582
705
161
0
597
756
776
67
1011
457
728
984
1006
24
82
157
252
143
354
480
462
91
290
697
948
154
144
307
77
905
502
211
222
189
770
547
149
873
905
683
710
859
317
621
566
460
237
643
511
1018
999
744
643
100
812
33
147
210
936
326
595
966
754
435
471
87
223
557
800
279
379
704
264
628
240
377
350
502
972
903
560
352
249
852
227
676
348
737
585
757
224
272
254
316
203
404
418
257
228
227
873
820
30
723
852
19
989
861
174
360
125
817
294
518
566
873
282
849
990
207
638
1007
542
46
644
608
850
935
773
100
181
641
116
943
833
614
62
841
365
945
546
348
624
488
195
655
684
5
0
806
196
297
200
738
690
443
679
432
764
387
144
540
470
433
390
1023
819
616
80
88
269
173
577
681
922
955
973
185
526
637
259
132
357
445
679
905
368
975
851
153
813
292
906
998
579
526
397
388
912
705
161
231
820
64
887
660
153
14
666
981
800
543
699
452
775
839
294
575
457
282
642
216
87
981
680
816
648
29
903
47
556
712
125
977
751
418
936
453
466
226
485
330
816
711
627
604
747
348
194
464
283
361
573
968
824
115
126
846
298
840
732
985
62
23
63
591
573
839
373
629
1001
