65
911
992
143
710
386
600
1015
452
330
128
191
751
194
449
448
939
702
263
135
201
335
544
129
983
334
287
207
789
1005
21
276
720
713
807
113
972
348
473
449
696
586
768
868
595
934
298
705
309
501
448
90
578
869
822
758
380
939
897
165
805
316
171
273
393
66
271
501
35
978
200
162
584
222
832
900
425
1010
858
359
813
114
301
955
549
251
244
6
207
499
977
917
872
160
189
735
593
657
776
577
887
70
898
393
817
973
903
888
787
168
247
825
433
297
680
617
745
312
638
668
183
469
299
222
621
593
911
1018
650
421
819
548
567
964
456
751
190
416
180
230
959
857
1
918
52
204
296
520
18
254
161
38
553
528
162
735
536
941
186
223
938
536
919
53
665
135
478
675
856
812
564
736
765
439
502
936
490
69
911
552
735
964
955
8
785
694
865
848
498
513
684
815
224
290
37
984
161
480
350
721
510
707
49
403
620
705
258
528
182
155
226
423
144
804
520
454
597
819
467
260
917
657
356
983
721
566
170
984
602
649
396
773
395
260
274
933
748
692
79
1
287
343
229
962
1016
225
763
137
262
49
514
310
724
916
702
45
70
584
824
470
829
198
283
306
52
759
96
877
870
475
9
232
378
653
821
354
309
936
254
498
301
775
332
645
381
251
95
2
431
377
178
781
361
103
491
225
748
268
137
1015
949
347
956
152
65
405
28
385
12
540
152
712
837
742
261
71
247
235
518
497
947
54
450
214
188
277
256
270
83
656
871
190
375
591
294
797
238
159
230
764
1005
742
875
280
484
899
86
446
57
752
266
157
42
163
461
929
925
462
239
483
226
167
687
72
793
259
256
182
820
735
6
520
575
677
471
848
142
217
685
632
379
258
326
511
849
1006
486
967
696
639
661
29
302
42
814
254
876
378
212
7
952
151
571
896
128
744
987
486
155
722
159
567
342
584
140
112
307
694
339
411
345
407
346
769
795
671
915
521
830
913
714
427
119
412
401
124
460
582
1008
234
195
516
742
262
840
105
400
832
364
302
936
419
75
768
497
68
239
158
864
432
60
709
811
874
585
184
515
376
836
994
715
947
345
262
10
219
387
747
621
900
786
815
401
793
351
886
458
193
59
226
229
685
946
569
794
308
875
16
1
195
952
934
113
521
951
99
899
968
606
283
192
746
446
364
774
363
648
453
316
897
623
580
614
635
870
681
47
789
872
715
961
695
146
283
209
222
987
816
446
842
43
939
182
945
275
655
33
342
913
304
418
543
688
550
661
537
507
377
631
693
259
373
294
844
229
382
739
295
405
717
773
362
598
574
5
45
763
655
250
769
913
727
820
666
3
372
120
662
21
995
278
256
53
751
259
736
364
285
375
952
460
313
641
151
348
384
121
616
701
56
94
603
535
889
526
10
97
160
85
769
1018
122
253
593
233
646
417
868
510
598
461
375
338
822
176
223
693
210
917
47
701
342
381
12
593
995
360
304
920
819
376
515
977
544
763
463
98
259
154
130
1007
411
338
642
870
763
297
632
821
509
303
477
872
257
215
96
645
693
211
696
863
776
489
42
1009
358
121
509
649
186
562
917
51
72
437
155
179
553
716
445
355
241
26
629
777
235
671
397
594
472
842
913
783
293
312
268
342
231
938
98
936
205
919
922
508
265
352
97
781
395
213
57
745
349
907
1000
696
540
142
552
90
615
448
977
377
423
536
202
340
810
864
683
475
932
13
656
387
190
142
1012
82
601
654
588
1004
16
233
410
417
333
886
825
25
942
967
997
201
601
822
631
972
1001
191
645
888
155
892
792
917
985
964
36
325
177
918
526
421
499
270
175
139
143
30
118
371
271
75
25
1018
584
313
436
572
300
818
819
787
869
997
957
1005
383
352
842
153
839
136
66
808
843
839
539
7
696
54
631
599
195
651
533
344
627
508
644
784
876
453
403
704
405
994
172
316
642
925
621
712
558
405
493
836
678
102
262
707
819
415
408
710
785
469
691
223
264
946
851
556
355
1003
419
616
104
173
807
894
95
937
567
827
625
86
312
965
78
494
699
252
912
592
546
669
346
169
92
757
942
318
551
659
614
205
271
646
954
553
624
262
788
636
919
560
124
348
880
619
651
390
107
794
456
931
866
259
333
580
612
401
249
871
702
507
286
893
425
970
786
757
623
385
768
462
126
518
233
937
187
315
820
68
701
974
19
752
940
837
521
804
119
17
425
535
772
503
14
704
293
255
705
290
429
329
942
717
204
20
103
842
706
937
943
497
440
537
520
389
149
719
876
665
578
821
1013
795
157
96
969
324
622
444
592
625
996
71
268
864
501
875
997
184
977
914
827
969
867
