185
47
741
356
677
394
643
23
933
820
764
833
393
633
590
543
282
255
463
234
824
1010
31
549
90
822
1013
69
962
19
701
803
547
907
921
641
142
224
187
43
110
632
963
363
421
1008
969
693
1013
786
345
679
251
303
697
541
422
618
769
598
566
598
525
85
737
1021
364
995
355
908
466
424
223
129
317
744
802
711
11
864
945
790
44
388
722
748
230
276
690
489
639
243
182
850
786
957
111
187
102
502
198
918
102
46
571
792
320
184
348
216
523
929
645
104
401
56
514
443
1022
832
498
916
141
400
950
940
731
634
352
959
128
749
662
854
408
768
856
331
566
1003
563
339
635
370
775
424
505
712
997
336
858
757
978
33
366
679
289
236
729
640
605
677
49
358
463
247
733
877
289
749
142
857
142
603
375
827
516
502
899
362
461
987
44
997
194
684
601
692
370
636
831
20
86
999
667
237
414
125
275
265
340
156
357
125
906
97
953
409
49
351
754
814
558
703
916
57
311
48
201
738
740
899
597
73
945
820
293
557
1009
733
860
444
482
575
276
767
516
663
316
143
487
372
808
800
685
137
23
574
309
962
1005
294
821
918
612
906
967
563
746
591
27
458
662
534
382
960
850
870
382
608
894
956
685
212
670
74
417
683
957
831
497
775
428
996
1012
885
399
466
253
804
905
936
572
614
153
922
462
211
922
781
904
292
690
681
126
418
282
734
291
918
847
400
510
712
855
625
589
334
468
731
906
739
20
691
450
449
120
835
333
253
351
385
560
576
406
408
528
674
974
740
410
852
138
62
87
168
333
309
12
553
98
151
647
880
998
585
1021
567
528
339
441
504
73
910
67
447
847
405
629
839
908
954
196
265
920
608
516
628
840
545
207
465
439
990
635
713
738
356
530
571
161
576
712
437
857
749
369
466
396
795
752
441
711
968
804
723
112
400
606
471
52
235
855
17
885
80
686
513
224
586
126
688
614
58
58
157
21
446
853
633
533
885
101
930
111
530
147
573
5
786
870
939
1011
518
278
104
521
600
782
85
678
530
176
962
605
452
965
672
463
860
546
568
697
377
246
593
888
417
116
455
308
412
854
414
400
370
144
267
89
440
264
305
436
123
507
724
250
804
76
404
4
226
2
194
146
275
180
142
614
923
962
227
495
386
537
272
70
447
179
27
978
441
985
781
8
697
723
661
566
224
791
234
380
913
877
413
326
624
933
931
606
341
874
454
927
34
546
734
184
345
193
330
414
562
50
566
282
248
249
158
980
959
839
746
181
370
194
2
325
717
641
557
450
295
514
780
781
590
766
662
127
517
356
95
152
203
689
442
712
263
10
546
287
969
929
403
26
688
858
995
59
462
597
704
737
666
745
383
596
119
60
1004
292
610
986
191
198
350
956
401
280
156
407
384
135
446
94
630
12
588
809
242
459
584
63
509
658
227
858
995
867
519
286
765
243
981
636
615
177
93
262
880
933
717
743
236
590
831
414
1013
93
329
524
63
744
570
543
850
880
808
326
464
771
113
113
277
538
996
728
320
299
871
934
655
262
91
859
599
971
63
599
292
848
196
454
403
847
694
213
326
138
688
585
174
152
488
930
566
34
56
825
463
392
809
374
546
729
893
337
666
999
78
602
424
317
271
777
1020
192
800
201
1017
822
435
747
511
829
366
76
606
933
199
443
768
41
970
783
573
189
510
531
1019
876
986
696
414
958
491
238
406
722
572
775
1020
986
548
988
119
53
312
595
544
923
554
443
556
730
18
821
146
490
263
378
678
174
286
203
200
335
902
483
414
184
993
418
865
631
386
899
804
477
834
921
440
343
611
924
719
387
753
978
556
554
319
73
187
96
475
10
937
659
2
32
214
466
131
9
745
363
800
448
448
51
51
94
609
247
862
878
987
501
226
232
550
781
356
473
655
940
166
733
592
444
906
403
184
649
639
336
823
1024
1005
131
238
25
623
114
418
906
562
378
214
452
980
128
483
878
45
709
1003
291
137
702
932
626
922
199
773
355
429
160
839
640
757
825
69
974
510
774
761
852
161
469
633
955
856
917
597
597
876
36
907
418
38
765
159
148
621
261
332
412
417
396
625
171
193
97
331
789
240
759
710
844
848
301
317
536
334
852
830
571
270
697
240
468
394
552
1016
774
1004
241
542
53
776
617
878
1012
952
420
1
554
213
225
334
99
766
767
557
347
853
566
981
915
366
560
356
638
816
764
129
843
26
425
749
801
377
763
914
249
133
231
359
294
950
53
607
167
859
172
515
1024
364
49
219
408
342
236
959
700
986
449
963
6
625
821
239
955
782
847
588
812
337
229
320
599
850
298
413
883
630
1015
209
848
693
