920
667
252
240
562
403
773
402
272
356
957
383
495
244
544
216
303
545
520
512
934
748
922
825
459
241
69
292
443
467
1003
950
612
598
116
409
966
220
175
356
636
447
426
293
927
700
107
86
14
941
377
433
590
191
23
674
470
205
202
711
766
557
539
417
571
749
301
804
78
484
409
933
439
968
415
249
894
506
434
566
255
264
215
595
856
874
660
1009
1003
700
805
358
800
48
362
366
133
1006
426
417
802
444
591
667
34
414
982
610
956
960
774
552
845
12
765
106
50
191
485
10
879
485
154
252
59
211
477
473
360
452
338
586
1017
736
370
587
390
382
435
761
369
642
874
123
179
974
1001
259
292
859
822
379
372
279
266
1019
48
693
514
117
473
736
984
542
958
1014
477
373
93
865
424
776
568
488
273
139
80
867
346
691
107
602
118
256
425
733
891
835
239
355
984
309
158
763
290
337
2
578
455
166
721
558
261
403
251
597
55
617
41
884
352
115
608
646
801
755
811
665
934
621
755
731
707
942
993
337
98
826
700
178
493
962
142
676
199
642
636
452
675
458
873
725
439
636
657
910
1018
746
518
51
111
879
938
688
474
985
82
396
17
607
582
13
604
369
27
1003
136
564
885
699
36
451
451
785
0
264
908
51
340
748
511
560
231
126
497
896
657
459
141
145
1007
996
440
775
572
775
1000
43
360
489
180
365
910
71
95
211
630
280
766
314
784
259
688
136
966
456
367
174
512
464
68
910
930
802
484
816
897
689
73
128
436
802
604
484
35
185
955
605
519
224
975
371
470
851
810
452
640
979
680
273
741
575
997
309
509
291
76
115
78
1021
614
808
882
847
960
37
144
743
894
384
222
590
27
45
956
412
804
249
624
915
645
947
1020
154
26
934
152
93
733
180
164
491
972
759
689
73
314
960
878
913
603
167
181
766
968
674
557
612
241
840
808
604
447
563
362
1020
374
990
26
797
451
646
322
944
229
384
316
39
620
856
603
373
144
120
1005
555
89
263
215
323
926
534
167
148
66
876
998
952
420
924
497
481
172
85
649
319
478
217
2
817
377
16
733
224
706
252
273
136
353
773
911
728
253
463
954
631
265
647
713
414
199
315
710
646
256
45
545
181
535
893
629
278
876
162
266
687
232
846
332
501
783
756
652
256
752
348
311
131
11
948
932
392
719
689
131
206
925
914
387
257
618
641
21
840
531
932
122
969
950
98
426
331
867
971
747
701
657
324
750
162
779
95
991
624
917
199
1012
248
229
412
800
860
420
413
791
256
887
699
1001
190
222
321
771
377
619
393
564
395
682
16
833
359
733
982
520
683
440
870
670
517
378
702
102
49
891
668
626
433
516
169
96
702
147
542
4
436
230
676
516
615
205
141
25
963
713
568
303
44
875
612
19
956
11
657
808
540
299
644
436
560
196
763
218
103
918
843
904
91
717
175
854
746
795
782
59
625
921
529
519
262
995
596
992
43
194
533
657
349
664
364
871
556
690
263
125
42
910
772
822
452
77
158
254
82
874
161
632
542
196
778
630
156
466
699
289
640
965
581
710
1003
921
665
1007
168
523
643
820
428
57
532
138
376
714
133
805
52
836
888
202
622
1021
44
143
229
598
688
741
517
661
38
199
768
316
768
873
102
613
738
583
241
933
974
529
725
818
205
110
634
23
39
119
839
386
235
377
179
794
338
324
742
599
797
369
190
588
495
432
325
996
265
581
361
320
10
685
907
432
880
971
386
209
184
314
871
539
849
110
632
581
268
3
295
841
917
1020
9
751
87
649
825
850
581
267
804
174
281
6
408
28
876
210
881
58
229
47
770
715
941
931
825
0
820
331
26
751
485
403
881
59
394
146
47
715
936
393
249
929
719
918
971
960
1021
407
676
843
638
718
502
522
799
42
923
750
631
774
292
212
668
951
824
359
277
763
741
878
941
276
705
633
74
193
344
319
431
90
574
684
119
324
1005
908
24
885
251
445
139
221
794
90
410
605
202
714
608
476
247
423
789
37
623
82
426
1010
863
54
745
118
498
890
18
839
803
199
935
701
910
730
497
854
93
27
344
499
231
569
698
855
918
449
410
451
318
458
988
474
508
23
197
920
399
105
359
183
256
657
1000
943
56
925
195
1017
335
234
967
831
947
736
901
886
367
140
826
698
442
970
975
33
283
70
847
406
596
352
995
618
684
885
431
76
893
712
862
693
719
917
602
334
1019
213
294
854
789
206
784
631
988
516
491
600
1004
358
268
605
764
84
384
90
326
465
165
62
456
293
204
523
20
851
206
437
751
540
276
787
978
121
26
433
66
129
95
239
217
625
404
745
985
769
81
889
372
817
806
340
973
