239
120
134
760
142
192
406
345
470
106
175
657
807
382
314
920
742
417
191
53
967
431
611
526
918
191
96
58
49
700
487
950
422
891
728
965
492
446
525
538
481
982
877
313
738
876
316
161
79
767
548
465
812
225
314
750
471
415
258
596
828
52
153
504
914
321
290
67
62
593
858
356
357
43
401
888
26
176
851
14
478
852
922
520
859
582
793
321
111
712
760
407
355
56
384
376
291
937
676
436
641
615
1005
783
737
902
11
586
995
547
65
579
234
452
102
131
821
262
512
536
21
899
472
1004
584
896
248
121
156
61
206
890
790
955
83
72
1001
535
807
318
122
498
426
938
164
209
154
981
767
212
682
225
461
963
596
152
645
189
85
220
540
683
471
221
226
912
309
257
919
123
682
336
334
846
564
661
866
610
339
217
641
270
1000
166
814
947
478
629
421
993
669
790
426
153
507
870
695
457
510
160
715
210
694
128
610
792
594
701
438
284
1002
989
746
743
661
88
541
872
216
847
212
487
308
354
951
31
738
386
603
338
886
876
562
45
547
846
580
225
332
67
383
265
267
484
98
65
837
71
305
807
468
933
564
440
409
65
734
738
759
706
267
11
359
918
762
302
189
167
78
448
279
243
151
483
747
401
160
145
927
361
164
893
824
752
504
412
884
186
948
842
704
481
910
1006
34
845
676
460
588
818
648
809
61
399
431
681
650
907
627
631
899
786
769
119
209
120
862
391
465
76
26
985
163
957
243
78
689
87
64
712
3
161
282
323
732
586
528
592
6
361
558
95
279
605
5
32
386
170
314
277
315
599
552
810
382
771
669
566
872
436
589
787
553
1008
109
309
389
485
228
329
233
23
16
803
20
925
202
624
536
724
362
778
518
785
372
948
923
565
534
184
624
746
897
485
771
186
22
133
881
816
193
176
692
410
958
488
412
195
346
452
142
1004
451
824
838
238
657
264
128
417
70
113
543
217
27
1018
763
1006
975
483
1012
874
317
975
117
121
1
311
379
124
729
981
331
808
688
113
742
904
1
105
380
937
1023
175
177
106
621
422
262
207
193
905
647
638
675
182
641
898
183
662
906
257
601
499
860
53
758
568
440
799
407
366
676
404
183
56
254
924
1007
496
149
524
1018
781
990
953
243
100
420
135
773
357
461
205
755
209
787
248
629
355
740
121
186
199
370
415
232
686
981
443
824
818
1020
217
337
781
775
985
584
624
374
352
615
539
497
672
40
195
952
597
16
301
47
814
729
550
601
217
424
529
859
676
493
874
494
279
749
993
385
245
249
20
1007
822
578
399
669
1018
731
105
459
710
341
944
648
955
437
308
911
18
152
983
732
314
848
828
932
659
644
122
942
639
264
975
48
22
91
531
900
412
575
613
77
401
364
251
111
115
274
273
959
191
520
152
943
952
141
893
13
740
900
397
253
115
868
676
799
368
189
11
88
338
309
519
396
960
164
799
182
825
576
482
369
381
393
263
996
677
518
203
107
910
372
465
67
872
287
934
62
631
578
685
344
39
293
954
820
340
756
582
17
436
31
803
1005
707
799
613
292
765
711
454
430
155
554
202
768
733
722
754
673
913
503
350
986
128
214
159
827
69
503
613
374
706
878
923
975
922
7
43
892
456
454
339
963
730
962
544
23
841
295
889
881
564
469
871
357
245
53
139
593
927
790
722
433
981
774
375
564
227
263
753
324
433
767
362
458
35
746
637
129
221
316
32
207
70
1
652
823
404
270
291
731
199
595
254
959
579
901
1017
969
490
128
66
396
572
945
957
845
188
403
935
547
463
293
638
187
950
732
853
509
987
864
117
959
705
315
882
972
699
577
154
1010
835
935
701
311
750
283
631
302
531
757
762
414
165
23
109
955
631
649
7
221
83
166
95
138
74
276
42
762
968
227
615
447
178
200
194
953
503
816
190
234
871
507
1010
177
973
392
459
369
148
837
187
853
417
432
547
441
3
681
263
607
367
562
800
573
309
472
944
908
901
994
771
16
1017
467
533
92
804
735
559
762
704
626
85
387
415
704
415
568
634
428
866
565
833
323
880
223
119
88
159
822
988
202
797
28
117
192
948
563
32
898
974
495
444
635
236
718
1005
168
646
658
652
1011
397
269
469
118
367
805
313
749
661
860
534
391
635
620
549
748
386
125
376
831
920
356
17
30
871
963
782
989
505
569
668
997
926
26
589
747
156
51
548
41
512
216
488
670
51
879
41
656
519
591
901
189
207
136
842
753
915
164
433
645
612
303
801
391
1009
211
799
866
473
696
817
242
771
943
1019
905
516
7
16
99
806
567
737
234
13
124
649
16
963
0
388
917
605
856
494
61
472
327
933
